1 1 1014 1421
2 1 1014 1421
3 1 1014 1421
4 1 1044 1462
1 2 1464 1672
2 2 1464 1672
3 2 1465 1672
4 2 1465 1672
6 1 1464 1877
5 1 1464 1877
8 1 1465 1877
7 1 1465 1877
6 2 1879 2081
1 3 1673 2081
7 2 1880 2081
8 2 1879 2081
5 2 1879 2081
2 3 1673 2081
12 1 1880 2286
9 1 1879 2286
10 1 1879 2286
1 4 2082 2286
11 1 1879 2286
2 4 2083 2286
12 2 2286 2490
10 2 2287 2490
4 3 2083 2490
11 2 2288 2490
9 2 2287 2490
3 3 2082 2490
16 1 2288 2694
4 4 2492 2694
13 1 2286 2694
15 1 2287 2694
14 1 2287 2695
3 4 2493 2695
6 3 2492 2900
7 3 2493 2900
15 2 2696 2900
13 2 2696 2900
14 2 2697 2900
16 2 2695 2900
7 4 2901 3104
6 4 2900 3104
5 3 2901 3307
8 3 2900 3307
8 4 3309 3513
5 4 3308 3513
12 3 3308 3718
10 3 3309 3718
10 4 3719 3924
12 4 3718 3924
11 3 3718 4128
9 3 3719 4128
11 4 4129 4334
9 4 4130 4334
13 3 4130 4539
15 3 4129 4539
15 4 4541 4745
13 4 4540 4745
14 3 4540 4950
16 3 4541 4950
14 4 4951 5156
16 4 4952 5156
